image: map234.pgm
resolution: 0.050000
origin: [-21.986206, -21.100000, 0.000000]
negate: 0
occupied_thresh: 0.65
free_thresh: 0.196

