image: khush.pgm
resolution: 0.050000
origin: [-4.256161, -7.458807, 0.000000]
negate: 0
occupied_thresh: 0.65
free_thresh: 0.196

